-1.28285354e-02  4.29035313e-02 -1.62295979e-02  2.79770372e-03
  9.63657647e-02 -2.67680939e-02  5.70393763e-02 -2.10198294e-02
  7.27397501e-02  5.84214032e-02  5.97670227e-02  5.49127571e-02
  4.74722609e-02  3.55917923e-02 -2.78813001e-02  4.20569256e-02
  1.49773685e-02  2.17355881e-02  7.11637586e-02  3.75637189e-02
  3.90302837e-02 -6.30160347e-02  7.22075477e-02 -1.38527201e-02
 -1.08409552e-02 -5.23542501e-02  1.78033635e-02 -1.04455072e-02
  7.32916128e-03  4.99142287e-03 -1.08640697e-02 -4.44712229e-02
 -4.05079126e-02 -8.33866522e-02  5.45022637e-02 -5.33899739e-02
  3.44890952e-02 -1.77065115e-02 -1.53301265e-02  1.12932846e-02
 -3.80739495e-02  1.82139333e-02 -5.50307110e-02  9.36822519e-02
 -2.81731579e-02  2.87301913e-02 -2.36928109e-02  8.39495957e-02
 -7.66705498e-02  1.81140918e-02 -6.97840750e-02 -1.42148927e-01
 -6.45063818e-02 -2.44555604e-02 -4.09912691e-02 -1.64914841e-03
  3.06164715e-02 -3.46926181e-03 -2.82057691e-02  2.48498376e-02
  1.63889583e-02  6.68213293e-02 -2.12242343e-02  1.54375862e-02
 -4.02123146e-02 -3.62739563e-02  9.23968386e-03 -8.73917714e-02
  1.20129960e-03 -1.89495925e-02  3.56293023e-02 -2.75981538e-02
  2.00396553e-02  1.66056940e-04 -2.95677949e-02 -5.29248407e-03
  3.56580317e-02  2.96675991e-02  4.72525991e-02  4.14695852e-02
  5.37329121e-03 -3.26517108e-03 -6.51359260e-02  3.02091949e-02
  1.46653606e-02 -3.52128521e-02  1.62585769e-02  8.36503506e-02
 -5.23819253e-02 -3.39680798e-02 -3.20065990e-02 -3.47306195e-04
  3.00153531e-03 -1.84931252e-02  6.28455952e-02 -6.25508949e-02
 -6.24183789e-02  2.21268740e-02 -6.02949597e-02  8.64120871e-02
  1.00903884e-02  3.77581865e-02 -5.69835566e-02  7.75462240e-02
 -1.26103777e-02  1.58302039e-02 -5.46514764e-02  5.68194613e-02
  3.76923680e-02  2.29892563e-02  2.35795602e-02 -2.45993398e-02
 -3.87977995e-02 -1.90131459e-02 -7.67366402e-03 -3.69771495e-02
  4.37661409e-02  9.13514867e-02  1.24022309e-02  8.42953846e-03
  6.80034310e-02 -1.99095421e-02  4.00749780e-02 -4.70889546e-02
 -2.04202030e-02 -2.21268423e-02 -1.79631021e-02 -1.21419197e-02
 -5.79773039e-02  5.42134717e-02 -6.54015914e-02 -3.20247300e-02
  3.70856561e-02 -5.05973287e-02 -1.60688423e-02  6.44838437e-02
 -3.99489515e-03  2.84466241e-02  2.56506279e-02  3.42149138e-02
  5.99499745e-03 -2.10060664e-02 -1.57826934e-02  1.85821597e-02
 -8.16711411e-03  3.23476382e-02 -1.53750405e-02  4.94213142e-02
  4.43391465e-02 -7.45914578e-02  1.68929398e-02  2.83021126e-02
  8.84934678e-04  9.63220373e-03  2.06051171e-02 -6.37758672e-02
 -8.17106217e-02  7.62795880e-02 -5.77358194e-02  1.36707993e-02
  8.20536911e-03  3.82538512e-02 -2.41978280e-03  8.69040117e-02
  3.50005142e-02 -1.82701442e-02  4.11387123e-02 -6.39260467e-03
 -1.81462895e-02  1.92689411e-02 -2.34516189e-02 -4.83144484e-02
  5.26227849e-03 -3.60280238e-02  2.52336580e-02 -1.07177543e-02
  3.56501453e-02  1.11610303e-02  1.57373603e-02 -1.23264147e-02
 -2.35885046e-02  1.97739005e-02 -4.59921621e-02 -1.71732437e-02
 -1.36709809e-02 -2.33609602e-02  1.01872599e-02 -8.89727939e-03
 -6.17505945e-02 -4.32623997e-02 -2.88488045e-02  1.21467682e-02
  1.10904299e-01 -4.80991192e-02  8.81524310e-02 -9.81221627e-03
 -4.11850736e-02  9.38922353e-03  4.69478592e-02  3.07484977e-02
  5.70352226e-02 -3.46126892e-02  3.06263529e-02 -5.79250641e-02
  2.19228435e-02  1.18622698e-01 -1.03600883e-04 -1.82004664e-02
  6.18789606e-02 -1.83842797e-02 -5.16378395e-02 -3.14346068e-02
 -9.26307887e-02 -5.34329675e-02 -1.01889193e-03 -2.42883917e-02
 -1.85443312e-02  1.04436567e-02  7.72567699e-03  5.81526086e-02
 -2.24430719e-03  3.67681682e-02  7.77357072e-02 -1.22819953e-02
  4.06234618e-03  3.12238988e-02  1.56956688e-02 -2.74116523e-04
 -1.18804082e-01  3.43712457e-02 -8.16873834e-02  7.65248016e-03
 -1.62494779e-02 -4.19584177e-02 -2.86960490e-02  8.64428580e-02
  1.05908662e-02 -1.24606537e-02 -3.86343300e-02  5.85644320e-02
 -2.32886244e-02  2.16108933e-02  4.77885604e-02  1.42711932e-02
  1.14309881e-02  7.70398090e-03 -7.83146545e-02  1.12016825e-02
  2.07511298e-02  8.17308724e-02  3.74239543e-03  1.89441442e-02
 -2.84520676e-03  3.68391350e-02 -6.05748296e-02  1.35655450e-02
 -5.79413511e-02  1.18816048e-01 -8.55304860e-03  2.49281954e-02
 -6.39115646e-02  2.23071836e-02 -4.62837610e-03  3.72406207e-02
 -1.04631493e-02 -7.54213426e-03  2.55260989e-02 -2.31670402e-02
  1.93048697e-02 -1.26408180e-02  4.48767236e-03 -9.66341794e-02
  1.58058908e-02  4.50994894e-02 -8.69333968e-02  7.30440812e-03
  3.81209794e-03  6.52494282e-03  6.07573241e-03 -7.02624992e-02
  9.27888416e-03  1.13787867e-01 -1.93048827e-02 -6.68977806e-03
  3.42819579e-02 -4.12633047e-02  3.59564647e-02 -1.13181844e-02
 -4.91228700e-03 -4.46947813e-02  4.22748923e-03 -7.14167431e-02
 -4.17930670e-02  4.20300700e-02  1.23646215e-03 -3.72952744e-02
  4.45773304e-02  1.78935323e-02  8.58858507e-03 -5.35223298e-02
 -6.94378000e-03  7.76433945e-02 -5.46071231e-02 -2.84694843e-02
 -4.22997363e-02  5.77503778e-02 -1.84491742e-02 -2.44366080e-02
 -4.53852452e-02 -1.25295874e-02  1.11926105e-02 -3.79913533e-03
  1.11361304e-02  7.16312882e-03  1.12700025e-02  2.28212588e-02
  2.59560365e-02 -3.95624852e-03  1.32086838e-03 -9.66966450e-02
 -2.88392901e-02 -9.11848096e-04 -3.62627879e-02  3.07677947e-02
  1.10527743e-02  7.32964799e-02  5.53864278e-02  9.68199968e-02
  1.80895440e-02 -5.00453860e-02  3.02488189e-02  1.64227895e-02
 -7.55931810e-02  2.83306539e-02  8.99426360e-03 -2.89984718e-02
  4.32429910e-02 -6.55066734e-03 -6.14307486e-02  3.23671028e-02
  4.39628437e-02  2.23018043e-02  1.26447761e-02  6.22078478e-02
 -1.90377887e-02  2.59159766e-02 -6.35725856e-02  4.86770198e-02
 -5.42531833e-02  4.13198881e-02  4.33189161e-02  3.71206999e-02
 -1.58063765e-03  3.57844234e-02 -9.26957801e-02 -5.52441739e-03
  8.37869942e-02  6.75494671e-02  7.25916028e-02 -5.49349785e-02
  3.30803320e-02  8.04212764e-02 -5.22889867e-02 -1.81629043e-02
 -4.07138765e-02  5.77055626e-02 -1.45573709e-02 -1.53937181e-02
 -1.35301128e-02  6.40922552e-03 -9.42462161e-02 -2.04606541e-02
  9.83235240e-03  8.60593319e-02  7.16586187e-02  2.88526341e-02
  2.10049190e-02 -9.50416457e-03 -3.24876085e-02 -1.19636301e-02
  6.65741414e-02  1.36868760e-03 -1.56180039e-02  5.50646745e-02
  4.78152535e-04 -2.20641773e-02 -2.14591641e-02  3.94726917e-02
 -6.55171573e-02 -5.37558943e-02  8.85887519e-02 -2.92668138e-02
 -6.59243390e-02 -3.45623419e-02  6.72214851e-02 -3.71049866e-02
  2.80077253e-02 -3.18838172e-02  1.13014849e-02 -1.55513966e-02
 -4.18922789e-02  2.84992065e-02  2.63407696e-02  1.15084788e-02
  3.68093587e-02  4.93331216e-02 -9.90220346e-03 -4.96054962e-02
  1.21374063e-01 -1.64920534e-03  5.68935042e-03  6.35603145e-02
 -5.34195863e-02 -1.22707514e-02  1.00263562e-02  3.83531931e-03
  2.53946707e-02  5.73027134e-02 -1.49362981e-02  4.65922384e-03
  4.09492217e-02 -3.71845216e-02 -5.95474690e-02  2.50391737e-02
  2.13981755e-02  9.28510949e-02  2.96730734e-02 -5.90144284e-02
 -6.84781978e-03  6.45899922e-02 -5.82357347e-02  4.85942774e-02
  1.27616776e-02  1.88897382e-02 -4.62841801e-02  1.92473605e-02
 -5.93380220e-02 -3.05280965e-02 -2.77656186e-02 -1.84666775e-02
 -8.27407278e-03 -2.88016740e-02 -1.53655708e-02  2.31435131e-02
 -1.63312089e-02 -5.22589963e-03 -2.38691643e-02 -1.30096555e-03
 -6.28882349e-02  1.19914487e-02  4.94839922e-02 -7.57037615e-03
 -4.17405665e-02  2.13748906e-02 -1.17394468e-02 -8.95493012e-03
 -2.96609383e-02  5.78945540e-02  3.26787904e-02 -5.74086886e-03
  6.60392344e-02  4.43402007e-02 -5.16940244e-02  1.66366771e-02
 -1.27127199e-02  2.82498430e-02 -6.25014827e-02  1.80977862e-02
  1.12071950e-02 -2.51064543e-02  3.76141518e-02 -1.66476090e-02
  7.67406225e-02 -1.14450909e-01 -2.83521172e-02  3.40796523e-02
  4.26733084e-02  1.03043132e-01 -3.63750644e-02 -9.99275222e-03
 -8.47279280e-03  6.93474151e-03 -2.01939028e-02  4.87008505e-02
 -3.00648957e-02  9.79335308e-02 -6.56864718e-02  1.94211099e-02
  4.38940004e-02 -5.37161194e-02  2.25945674e-02 -7.34926239e-02
 -1.11930795e-01 -4.10874113e-02  5.07003106e-02 -3.42029147e-02
 -3.69085148e-02 -4.38194163e-02 -1.07933640e-01 -7.74379373e-02
 -3.06122489e-02 -1.19225914e-02  3.88184413e-02 -4.12398130e-02
 -9.89575498e-03  3.06777041e-02  1.95414368e-02  7.69306943e-02
 -5.78276888e-02 -3.89799215e-02 -2.74479408e-02 -3.63626741e-02