-0.02954148 -0.0381031  -0.02454048  0.00366845  0.08908575  0.09574893
 -0.05728091 -0.04952899 -0.04267431 -0.05795141  0.08297341 -0.03582748
 -0.0114665  -0.01182401  0.08889531  0.00643672 -0.07337169  0.0137354
  0.05298993  0.02539387 -0.00156621  0.06547072  0.01866152 -0.02145673
 -0.00313471 -0.05176662  0.00199437 -0.00186056 -0.07545792  0.04685442
 -0.04224231 -0.02340846 -0.01639445  0.07157472  0.02616799  0.05067194
  0.08896621  0.05011141  0.05830123 -0.0277562   0.04303523  0.03545507
 -0.01915688 -0.04642713  0.00686842  0.02122333 -0.00417783 -0.05466899
 -0.01781217 -0.00378383 -0.02711203 -0.04079371 -0.02457855  0.01658387
 -0.00774686 -0.00303249  0.06411663  0.00062635  0.04698868 -0.00725009
  0.06211222 -0.02609787  0.01315754 -0.07128969  0.04432569  0.01796115
  0.05194055 -0.08757618 -0.03380293  0.04076458 -0.07218906 -0.01349598
  0.03067692 -0.05742148  0.0771519  -0.02420883 -0.03065041  0.00081447
  0.01704847  0.01628577 -0.00060936  0.02659966  0.00696937 -0.01638124
  0.05167774 -0.00991817  0.00061186  0.02991971 -0.08817753  0.01018796
  0.01996349  0.0057845  -0.01292029 -0.02160154 -0.0252681  -0.08117823
  0.07653733  0.06438699  0.00670481 -0.0018956  -0.02542624  0.02087165
  0.02403495  0.01602716 -0.02386938 -0.0699598  -0.01669356  0.01752803
 -0.03307837  0.01883261 -0.05416657  0.01876174 -0.01796454 -0.03708818
  0.02364614  0.02028904  0.02358365  0.05242059  0.05655271  0.00284946
 -0.09927972 -0.02805816  0.02538238  0.06825408  0.08792263  0.06011195
  0.00675878 -0.00478827 -0.04091458 -0.0390138   0.0154192  -0.02031552
  0.00606622  0.00861759 -0.00329232  0.03393586  0.04504764  0.11612085
 -0.07399196 -0.00580326  0.00050222 -0.01940939 -0.02248914  0.05280822
  0.04733958 -0.02527951 -0.08434083  0.01249542  0.02543264 -0.00385699
 -0.01878408 -0.0066202  -0.04761753 -0.06822866  0.0023104  -0.02812598
  0.05660334  0.04058284 -0.00563643  0.04530206 -0.08328305 -0.04446036
 -0.00292521 -0.00260621 -0.07860834 -0.013567   -0.03601183 -0.05712957
  0.05379463  0.01310483  0.04755536  0.04082089  0.06999693 -0.0202571
  0.02896226 -0.00820299  0.07462981 -0.04300071 -0.06082462  0.0482904
  0.04476421  0.01748984 -0.02064909  0.03311073 -0.01886271  0.02642567
  0.05965835  0.09621703  0.00956879 -0.0258493  -0.02481065 -0.06415261
  0.06865244  0.04134109 -0.01427562 -0.01700506  0.01215234  0.06208844
 -0.05314932  0.06274861 -0.01658494 -0.01615383  0.01409418  0.0098323
 -0.02815796  0.09960179 -0.05537561 -0.01786738  0.04584643  0.05732975
 -0.00078519 -0.05450635 -0.04935984 -0.03447535 -0.0438617   0.04409489
  0.00466938 -0.04901135  0.06941163 -0.0515807  -0.04158373  0.00307231
 -0.02557496 -0.01716866  0.09445033  0.04678719  0.01205593 -0.01186586
  0.00618114  0.08333348 -0.01474365  0.0584223  -0.00813421  0.05520214
  0.08138959 -0.03783347  0.00739234 -0.05269153 -0.01838475  0.03736213
 -0.03384073  0.02122586  0.00869716 -0.04495515 -0.01441408 -0.00597455
 -0.08098365  0.00100276  0.03798164  0.02460507  0.051008   -0.00501431
 -0.12823689 -0.09019851  0.15354677 -0.01527587 -0.00881844  0.01691242
  0.04561788 -0.02858744 -0.07979211 -0.02140085  0.00604612  0.01370137
 -0.03210298  0.01530578  0.05723461  0.00563526 -0.0051197  -0.03899524
 -0.04377458  0.0439128  -0.06671272 -0.01671743 -0.03362199 -0.00950825
  0.00560885 -0.03381272  0.01340254 -0.03276931  0.04577195  0.06220921
  0.03101737 -0.00170017  0.01504763 -0.00841885 -0.00537188 -0.06173461
  0.03198759  0.00989042  0.0012846  -0.0141159   0.03054007  0.02982305
 -0.01264725 -0.01157536  0.01669589  0.06732436 -0.02311714 -0.04553905
  0.02518532  0.07057523 -0.0361014   0.07297351 -0.03893972  0.00616794
  0.01992288  0.02898301 -0.06292683 -0.00549734  0.01603656  0.01884405
  0.06891979 -0.01770617 -0.00310659  0.02749028 -0.02873349 -0.02705096
 -0.01214488  0.07301851  0.03929872  0.00451674 -0.02192485 -0.03955536
  0.07112837 -0.01076571  0.07700846 -0.04093358  0.05350888  0.02289814
  0.00587223 -0.10597568  0.0378942  -0.04479604 -0.04977407  0.00853609
 -0.02069823 -0.02490408  0.00771685 -0.00417974  0.04973983  0.01721352
 -0.01730929  0.07376617 -0.03185562  0.04351554 -0.04756391 -0.00421118
 -0.07676613  0.00261964 -0.05724262 -0.0314914  -0.03674414  0.05313194
  0.0190157  -0.01438575 -0.00735348 -0.02825674 -0.06070617 -0.0166321
  0.04164761 -0.01726134 -0.04107025 -0.02404539 -0.06144154 -0.0483961
 -0.03890196 -0.02753414 -0.08696733 -0.00156942 -0.01486548  0.00131261
 -0.09497181 -0.07554018 -0.00125623 -0.0669229   0.0174274  -0.09535897
 -0.0073387   0.0130172   0.00694573 -0.09896579  0.0159434  -0.04642352
 -0.01671378 -0.04608477  0.00094132 -0.01636299  0.10400798  0.06866611
  0.01391681  0.04781043  0.05182417 -0.06298571  0.0101215   0.07268259
  0.06349129 -0.02239942 -0.00044513  0.06943296 -0.03714053  0.0496834
  0.00123328 -0.11191544  0.08869829  0.03901158 -0.06288408 -0.04872084
  0.00768826  0.0237608  -0.01092802 -0.00694427  0.04135317  0.03990814
  0.0033727  -0.07664798 -0.00842292  0.01491574  0.00907184 -0.02126914
 -0.06484646 -0.12649052 -0.04659542 -0.00664673 -0.00155622  0.03585139
  0.02487443 -0.03185777 -0.05467755  0.00057576  0.0535858   0.03834244
 -0.01194879 -0.01545984  0.01653373 -0.04981756  0.07743621 -0.03751145
 -0.08388152 -0.06427845  0.02018149 -0.00116377 -0.01785678  0.02311385
  0.00473664 -0.00467865 -0.03674202 -0.00108997 -0.00682618 -0.00801425
  0.06631807 -0.00470826 -0.02294868  0.05897733 -0.0065742  -0.03483376
  0.06340948  0.00708133  0.03094725  0.03148557 -0.05188505 -0.00440252
 -0.06119912 -0.02208023 -0.00255684 -0.01255441 -0.04328594  0.00853316
  0.00890127  0.01813111 -0.05931927 -0.03020325 -0.03903386 -0.04147517
  0.00899613 -0.06944979  0.0029139  -0.01724927 -0.03343821 -0.00275837
 -0.04354872  0.01329658  0.03074387 -0.08485328  0.01891224  0.02060392
  0.06837626 -0.06957649 -0.02118361  0.03022867 -0.01974035 -0.00847077
 -0.00851388  0.08962203 -0.05841362  0.0783795   0.04978716  0.00685582
  0.0194744   0.06859182  0.01749892  0.05688439  0.03256131 -0.01632162
  0.00952188 -0.04909619  0.09518133 -0.06849935 -0.00963865  0.07756765
  0.00339323  0.00140848