-0.08667038  0.00326314 -0.04814018 -0.02156467  0.05077716 -0.0241527
 -0.01710126  0.02920535  0.03304802  0.05163465  0.10766246  0.03515419
  0.10352362  0.06892945  0.00304331  0.06107074 -0.00490794  0.03444915
 -0.03573272 -0.03472722  0.00553551 -0.02773312  0.05377575 -0.0003067
 -0.03814639 -0.03118446 -0.05955369 -0.01544552  0.01524245  0.00544322
 -0.0865484  -0.05521636 -0.01295225 -0.08660269  0.00428443  0.04273002
  0.00347418 -0.00228516 -0.03016571 -0.01929815 -0.09600617  0.01370388
 -0.04820544  0.02554073  0.02853357  0.05126551  0.01542249  0.02240596
  0.00411452  0.03504371 -0.09487785 -0.06305158 -0.02566925 -0.04202522
 -0.05129121  0.03004111 -0.0115215  -0.03863532 -0.03343748 -0.0259031
  0.06560272 -0.00444745 -0.03771472  0.04057309 -0.0184713  -0.05684052
 -0.04715366 -0.02829911 -0.00038184  0.0908635  -0.03525834  0.00562759
  0.03440314 -0.05744782  0.02469488 -0.03506064 -0.03799444  0.0199937
  0.04125915  0.01112931 -0.02201474  0.00052679 -0.00682612  0.00914827
  0.00053298 -0.0342747   0.0245804   0.11846749 -0.02143398 -0.05763642
 -0.01470941  0.00428821 -0.00379174  0.02028546  0.02369422 -0.00824376
  0.0199564  -0.02821083  0.03276211  0.02740657 -0.00787425 -0.00847157
 -0.00352722  0.05404695 -0.06584062 -0.03196296 -0.09434193 -0.01604995
  0.00916929  0.00094762 -0.04405694  0.04069742 -0.0087977  -0.00421656
 -0.0116929  -0.05584939  0.02525233  0.06758884 -0.03488587 -0.02851209
  0.06753109 -0.0827591  -0.05553193 -0.00819863  0.05387906  0.00875008
 -0.05792199  0.08179064 -0.03211772 -0.00584358 -0.01913524 -0.05991194
  0.03330237 -0.00115733  0.04958396  0.02948949  0.02815061  0.06991624
 -0.01955322  0.03361559 -0.04372137  0.05644444  0.00451728 -0.01928941
  0.02513892  0.05901797 -0.01663382  0.02400306 -0.00298396  0.03364713
 -0.04533628 -0.02385675  0.00856739  0.00399794  0.04674536 -0.05810447
 -0.05015765  0.03243985  0.01071929 -0.04459498 -0.03213363 -0.03448
  0.0033893   0.07779982 -0.00377574 -0.09894337  0.07624242 -0.02675287
  0.02506204 -0.02554652  0.04237502 -0.031426    0.01850231  0.00911415
 -0.05691748  0.00133431  0.02668449  0.06204534 -0.04341905  0.01672394
  0.00932302 -0.07587767 -0.0591295   0.0157772   0.03482584 -0.00205146
 -0.01909864 -0.00103503 -0.10342561 -0.0971294  -0.05984864 -0.00070922
  0.06881323 -0.02485343  0.00533868  0.00518557 -0.0269943  -0.04151097
 -0.00645932  0.0260618   0.01906051  0.0387393  -0.01289701 -0.09315622
 -0.0614098   0.07105773 -0.00881047 -0.09153985  0.05336654 -0.05576032
 -0.00336808  0.00914109 -0.03972868 -0.03506918  0.04792888  0.02555854
 -0.04223079  0.01967343  0.04286779 -0.01700442  0.03926374  0.09343527
  0.01581207 -0.00276747  0.08999868 -0.03222295 -0.07213458 -0.00704883
 -0.05109669  0.02676317 -0.10708671  0.00972494  0.00652266 -0.0303178
  0.00486286  0.07081944  0.05732799 -0.03185484  0.02131692  0.0451711
 -0.01723985  0.04165892  0.0107185  -0.04297085 -0.03834275  0.01097763
 -0.05124667  0.02303234  0.08967392  0.07488173 -0.02358859 -0.01798633
 -0.07033207  0.0205745   0.02136595  0.01002416 -0.01417365  0.05152544
 -0.0140077  -0.01288408 -0.03011039 -0.03704116 -0.01192322  0.03137131
  0.0193561  -0.0841977  -0.00282317 -0.06412057 -0.0135052  -0.02206042
  0.02021832 -0.04592864  0.02882401  0.04724621 -0.02624436 -0.02897627
  0.04073507  0.0017358  -0.00382775 -0.03591778  0.04943571 -0.00208886
  0.00025101 -0.00451123  0.06192015  0.06522285  0.04100823  0.02050511
 -0.05005183 -0.10031132  0.01607155 -0.01816237  0.03133214  0.05580478
 -0.03349204 -0.0537184   0.03257924  0.01221117  0.05560449  0.00753109
  0.03255633  0.10159227  0.02064314 -0.02367942  0.00163107  0.0249728
  0.05008823 -0.07079287 -0.06037974  0.01754363 -0.01031664  0.00396592
  0.00466266 -0.05803237  0.08147315  0.03028187  0.04116551  0.01840374
 -0.05565996 -0.06747704 -0.05571752 -0.00906415 -0.05003001 -0.0601623
 -0.01321646  0.0388379  -0.01547813  0.07944394  0.07599068 -0.01272011
  0.08749089  0.00934456 -0.0401661  -0.00907406 -0.04569457  0.01279018
 -0.04269402  0.02457802 -0.06738354  0.01334669  0.05057363  0.04854959
  0.02960834  0.09599582  0.06802091  0.05711605 -0.09443385  0.03726513
  0.01269564 -0.00272086  0.03556854 -0.08400179 -0.02971226  0.02861426
 -0.00355128 -0.01139168  0.00365067 -0.0093389   0.03740351 -0.07339786
 -0.01117186  0.03959358 -0.08475435  0.02395245 -0.02202852 -0.04094228
  0.07711162  0.04483458 -0.03208676 -0.04912822  0.00069557  0.03505421
  0.05614979  0.02982874  0.00606176 -0.02248527  0.02270098 -0.01895687
 -0.13551424 -0.08157171  0.03512546 -0.01140578  0.0537999   0.03500054
  0.01992771 -0.05127044 -0.0771256  -0.01892128 -0.04515168 -0.01480735
  0.08576538 -0.04209686 -0.00089311 -0.05144035 -0.02232733 -0.02098744
  0.06843494 -0.06334062 -0.02168473  0.03699064 -0.05647926  0.07236232
  0.0228891   0.02108353  0.04459327  0.07328895  0.02463087  0.0240716
 -0.00425133  0.0184148  -0.02421407  0.09191852 -0.03113901  0.04061293
  0.04937389  0.05228747  0.05610372  0.07167299 -0.02799014  0.01815085
  0.03790473 -0.08706515 -0.02707038 -0.03413128  0.01760131  0.1234574
  0.076619   -0.06390467 -0.03107879  0.03363265 -0.03348941  0.0183271
 -0.01723329  0.01466579  0.0072589   0.00299269 -0.00614992 -0.03442807
 -0.03788771  0.02416929  0.06533317  0.01384572 -0.01311351  0.03512853
 -0.02164765 -0.01925481 -0.05489383  0.00372494 -0.01895452  0.03165922
  0.03626553  0.03645886  0.05092265  0.04696402  0.03592636 -0.02095042
 -0.01853587  0.0379206  -0.00320957 -0.03878207  0.0044947   0.01979492
  0.00298144  0.00539066  0.06695555  0.02376154  0.00785096  0.02677514
 -0.0553288  -0.06046082 -0.07256652 -0.04446717  0.04205827 -0.05075151
 -0.00204602  0.03142334 -0.04081526 -0.00708471  0.0435809  -0.04608406
 -0.02192014 -0.00796222 -0.05889977 -0.05981409 -0.03464927  0.05125404
 -0.01056499 -0.03569144  0.00954513 -0.04113217  0.04489049 -0.00904722
 -0.03326757 -0.01603177  0.04926085 -0.05901897  0.00196463  0.01899937
 -0.06483436 -0.07529535 -0.03266694  0.04586675  0.04561189 -0.10679357
  0.01139878  0.08316125 -0.01921364  0.009216    0.01449625 -0.04030996
 -0.02857732  0.04129914